8.0
6.5
4.666666666666667
7.25
6.2
7.166666666666667
7.714285714285714
7.625
6.888888888888889
7.8
8.636363636363637
9.0
9.538461538461538
9.928571428571429
9.333333333333334
9.3125
9.058823529411764
8.61111111111111
8.31578947368421
7.95
8.19047619047619
8.5
8.173913043478262
8.375
8.08
8.346153846153847
8.555555555555555
8.75
9.10344827586207
9.3
9.193548387096774
9.15625
9.272727272727273
9.470588235294118
9.657142857142857
9.61111111111111
9.783783783783784
9.605263157894736
9.76923076923077
9.625
9.78048780487805
9.642857142857142
9.790697674418604
9.909090909090908
